
1734429999
1734430630
1734433529
1734434181
1734437410
1734441169
1734444361
1734447965
1734449077
1734451617
1734455151
1734458871
1734462335
1734465993
1734491984
1734495440
1734499005
1734502668
1734506215
1734509279
1734509863
1734512786
1734513425
1734516384
1734517028
1734519920
1734520578
1734523795
1734527460
1734530766
1734534363
1734538003
1734541530
1734545282
1734548716
1734552389
1734578415
1734581849
1734585403
1734589074
1734592612
1734595678
1734596263
1734599175
1734599821
1734602793
1734603421
1734606320
1734606992
1734610200
1734613874
1734617160
1734620765
1734624393
1734627923
1734631649
1734635103
1734638772
1734664663
1734668235
1734671790
1734675460
1734678991
1734682060
1734682648
1734685556
1734686205
1734689150
1734689806
1734692723
1734693352
1734696563
1734700142
1734703536
1734707147
1734710778
1734714334
1734718041
1734721519
1734725172
1734841472
1734855874
1734880947
1734927879
1734941278
1734942309
1734944791
1734948400
1734951918
1734955774
1734959378
1734962735
1734966347
1734967438
1734969995
1734973532
1734977241
1734980707
1734984362
1735014282
1735027656
1735028699
1735031143
1735034752
1735038319
1735042170
1735045711
1735049133
1735052718
1735053804
1735056371
1735059922
1735063635
1735067101
1735070754
1735114044
1735117544
1735121148
1735124718
1735128550
1735132092
1735135530
1735139131
1735142775
1735146320
1735150033
1735153516
1735157155
1735200451
1735203951
1735207552
1735211119
1735214958
1735218539
1735221927
1735225531
1735229188
1735232727
1735236439
1735239922
1735243562
1735286842
1735290344
1735293941
1735297530
1735301352
1735304918
1735308332
1735311931
1735315565
1735319126
1735322837
1735326313
1735329961
1735446271
1735460681
1735485744
1735532679
1735546083
1735547100
1735549588
1735553184
1735556717
1735560558
1735564134
1735567532
1735571136
1735572220
1735574781
1735578327
1735582044
1735585509
1735589159
1735619087
1735632454
1735633489
1735635944
1735639545
1735643132
